------------------------------------------------------------------
SUB |     ACC |   κappa |    ΔACC |      Δκ
------------------------------------------------------------------
  1 |   0.778 |   0.704 |  -0.108 |  -0.073
  2 |   0.556 |   0.407 |  -0.135 |  -0.283
  3 |   0.819 |   0.759 |  -0.122 |  -0.182
  4 |   0.601 |   0.468 |  -0.222 |  -0.355
  5 |   0.688 |   0.583 |  -0.094 |  -0.198
  6 |   0.528 |   0.370 |  -0.181 |  -0.338
  7 |   0.899 |   0.866 |  -0.035 |  -0.068
  8 |   0.684 |   0.579 |  -0.201 |  -0.307
  9 |   0.701 |   0.602 |  -0.146 |  -0.245
------------------------------------------------------------------
AVG |   0.695 |   0.593 |  -0.138 |  -0.228
------------------------------------------------------------------